60
166
274
385
495
600
702
816
933
1038
1145
1253
1360
1473
1588
1705
1815
1916
2018
2130
2248
2361
2472
2589
2709
2827
2941
3051
3159
3273
3391
3510
3625
3735
3852
3970
4089
4203
4315
4434
4554
4677
4796
4911
5025
5147
5269
5393
5508
5622
5737
5854
5974
6088
6197
6312
6429
6546
6666
6780
6889
7000
7112
7225
7334
7440
7545
7655
7767
7880
7994
8104
8212
8325
8440
8558
8677
8792
8904
9015
9133
9253
9375
9496
9609
9716
9818
9928
10045
10163
10274
10390
10509
10627
10739
10849
10962
11076
11188
11296
11401
11511
11622
11736
11844
11947
12053
12161
12270
12378
12481
12583
12690
12798
12903
13006
13102
13194
13293
13388
13481
13583
13684
13783
13890
13997
14103
14209
14311
14410
14511
14613
14717
14822
14925
15025
15132
15241
15350
15454
15555
15661
15769
15879
15984
16086
16188
16294
16400
16507
16614
16723
16824
16916
17004
17099
17214
17330
17444
17558
17668
17774
17878
17987
18096
18205
18314
18418
18517
18627
18738
18837
18936
19037
19141
19250
19358
19464
19565
19661
19757
19866
19979
20094
20202
20310
20421
20531
20640
20744
20850
20959
21069
21177
21280
21379
21484
21594
21706
21816
21922
22030
22139
22248
22352
22452
22554
22673
22793
22911
23029
23137
23245
23356
23471
23588
23704
23814
23917
24020
24123
24222
24320
24425
24529
24634
24746
24860
24975
25087
25196
25302
25412
25524
25639
25750
25857
25962
26071
26182
26291
26400
26502
26602
26707
26816
26928
27039
27147
27257
27373
27494
27610
27717
27820
27925
28034
28147
28268
28391
28510
28631
28749
28869
28990
29112
29227
29338
29445
29560
29677
29795
29912
30028
30143
30254
30365
30480
30596
30712
30827
30942
31048
31146
31237
31343
31456
31556
31655
31759
31866
31970
32071
32171
32270
32370
32472
32574
32672
32764
32853
32944
33043
33146
33242
33334
33430
33525
33620
33712
33752
33801
33841
33889
33925
33978
34097
34215
34327
34432
34532
34633
34734
34837
34946
35060
35176
35291
35405
35517
35630
35740
35851
35962
36071
36180
36287
36401
36515
36629
36742
36855
36965
37074
37177
37269
37355
37445
37540
37651
37768
37881
37991
38101
38205
38303
38395
38494
38600
38713
38828
38941
39056
39170
39283
39397
39503
39612
39723
39838
39952
40065
40180
40286
40384
40473
40573
40689
40812
40930
41043
41156
41268
41379
41484
41593
41705
41823
41939
42058
42176
42294
42408
42521
42632
42746
42863
42981
43097
43203
43302
43413
43527
43635
43738
43830
43917
44009
44109
44209
44311
44411
44509
44614
44721
44829
44938
45032
45123
45220
45318
45414
45519
45631
45744
45856
45967
46074
46178
46281
46396
46515
46635
46753
46869
46983
47091
47197
47309
47420
47532
47644
47756
47862
47959
48059
48176
48297
48412
48526
48634
48740
48850
48961
49072
49184
49295
49407
49518
49626
49727
49820
49917
50021
50130
50244
50351
50454
50563
50676
50786
50884
50978
51073
51167
51263
51379
51500
51608
51715
51827
51940
52046
52151
52260
52372
52487
52605
52722
52840
52960
53082
53204
53325
53444
53556
53670
53788
53909
54030
54140
54252
54366
54474
54589
54704
54816
54922
55037
55159
55283
55406
55527
55644
55757
55869
55987
56111
56238
56365
56490
56609
56725
56846
56972
57099
57226
57353
57469
57581
57700
57821
57937
58049
58167
58294
58416
58528
58642
58761
58883
59002
59120
59239
59362
59481
59602
59727
59850
59976
60104
60227
60345
60449
60553
60690
60826
60954
61079
61205
61333
61447
61563
61683
61806
61921
62042
62167
62292
62411
62527
62644
62756
62856
62946
63043
63146
63270
63396
63516
63635
63761
63888
64014
64139
64262
64384
64501
64614
64728
64849
64971
65090
65207
65325
65440
65542
65646
65752
65847
65937
66045
66153
66252
66360
66466
66565
66673
66789
66907
67026
67151
67278
67400
67523
67648
67775
67900
68026
68151
68277
68405
68534
68670
68805
68935
69060
69183
69293
69385
69477
69606
69726
69838
69950
70074
70201
70327
70463
70600
70735
70867
70997
71125
71253
71378
71505
71633
71751
71864
71969
72063
72158
72255
72350
72481
72607
72724
72839
72963
73093
73222
73352
73479
73605
73734
73856
73979
74107
74236
74365
74496
74628
74756
74880
75008
75139
75260
75380
75507
75631
75748
75869
75993
76105
76228
76350
76461
76557
76653
76751
76854
76975
77109
77245
77373
77507
77644
77781
77915
78053
78189
78320
78450
78573
78701
78829
78963
79095
79216
79333
79449
79569
79688
79800
79920
80044
80163
80268
80360
80457
80569
80679
80804
80918
81040
81168
81297
81422
81555
81692
81829
81965
82097
82225
82351
82486
82626
82766
82902
83037
83171
83299
83427
83555
83680
83808
83938
84063
84180
84304
84425
84530
84627
84739
84871
84993
85127
85262
85388
85524
85659
85790
85919
86049
86176
86296
86425
86558
86686
86813
86944
87074
87199
87323
87446
87562
87687
87810
87928
88050
88178
88303
88424
88549
88677
88797
88925
89057
89181
89310
89440
89566
89688
89812
89940
90065
90191
90319
90447
90566
90690
90816
90942
91069
91198
91325
91448
91571
91697
91822
91942
92065
92191
92309
92421
92538
92649
92752
92863
92989
93110
93236
93364
93486
93613
93747
93878
94002
94129
94258
94381
94510
94640
94770
94892
95015
95139
95261
95377
95494
95614
95733
95846
95964
96082
96192
96302
96424
96545
96659
96769
96879
96977
97070
97192
97316
97434
97556
97681
97798
97922
98049
98172
98303
98434
98562
98685
98806
98924
99040
99151
99263
99377
99486
99592
99702
99811
99918
100020
100119
100218
100318
100413
100511
100620
100732
100835
100947
101063
101175
101287
101395
101498
101591
101685
101802
101923
102036
102158
102280
102399
102526
102658
102789
102921
103054
103187
103318
103452
103588
103721
103847
103975
104103
104230
104353
104482
104609
104728
104842
104961
105084
105210
105332
105456
105579
105693
105809
105934
106058
106177
106299
106421
106541
106655
106771
106893
107011
107128
107252
107378
107498
107622
107744
107861
107982
108103
108219
108337
108459
108576
108692
108811
108936
109060
109184
109305
109423
109534
109639
109740
109864
109983
110085
110179
110272
110377
110492
110608
110719
110824
110933
111029
111127
111231
111347
111454
111553
111661
111777
111894
112010
112123
112231
112336
112438
112540
112649
112758
112856
112958
113063
113176
113297
113419
113533
113644
113757
113870
113985
114099
114207
114308
114409
114518
114629
114741
114846
114948
115053
115161
115266
115366
115460
115557
115649
115757
115872
115986
116089
116198
116306
116417
116522
116623
116734
116855
116975
117087
117197
117309
117420
117531
117638
117743
117860
117979
118099
118214
118324
118439
118555
118671
118781
118892
119010
119115
119216
119321
119423
119531
119641
119742
119842
119957
120074
120185
120295
120411
120530
120646
120758
120866
120986
121109
121229
121347
121470
121594
121712
121829
121951
122075
122197
122326
122456
122577
122697
122819
122938
123054
123172
123294
123416
123538
123653
123773
123898
124020
124138
124253
124371
124493
