175
607
775
790
937
1081
1256
1269
1403
1561
1733
1748
1860
1896
2067
2264
2272
2444
2571
2709
2850
2999
3152
3307
3453
3602
3759
3770
3888
4046
4304
4306
4460
4476
4630
4761
4919
4944
5053
5187
5213
5341
5346
5499
5630
5808
5818
6005
6007
6134
6162
6300
6326
6465
6493
6648
6823
6829
7044
7046
7371
7380
7812
7830
8246
8552
8563
9064
9366
9576
9879
10145
10160
10849
10851
10980
11124
11355
11568
11789
11798
12011
12017
12162
12468
12478
12608
12832
12837
13028
13044
13392
13417
13526
13618
13725
13940
14170
14397
14407
14543
14544
14644
14655
14747
14946
15134
15248
15382
15389
15481
15605
15740
15905
16148
16266
16389
16519
16521
16546
16641
16653
17103
17251
17393
17396
17504
17506
17581
18016
18198
18212
18808
18834
18943
19131
19140
19227
19329
19999
20001
20115
20122
20238
20249
20343
20587
20928
21043
21157
21161
21239
21335
21447
21662
21788
21887
21954
21989
22099
22203
22212
22303
22413
22517
22636
22751
22852
22956
23089
23102
23191
23283
23372
23486
23587
23713
23842
23956
24074
24084
24170
24268
24354
24443
24532
24762
24870
25012
25121
25218
25311
25399
25493
25584
25697
25947
26073
26226
26232
26331
26438
26541
26648
26764
26861
26952
27048
27155
27277
27411
27583
27584
27695
27704
27905
27906
28122
28137
28270
28397
28580
28853
29017
29158
29281
29297
29437
29555
29581
29695
29720
29880
29881
30069
30073
30317
30434
30527
30651
30780
30789
30911
31062
