10
79
150
221
292
361
429
498
568
602
636
703
770
837
905
977
1046
1116
1189
1267
1340
1409
1480
1549
1616
1683
1748
1814
1883
1954
2021
2090
2163
2236
2305
2374
2444
2515
2582
2650
2719
2789
2857
2925
2994
3066
3134
3201
3270
3340
3408
3474
3542
3610
3677
3744
3811
3878
3945
4008
4069
4132
4198
4265
4331
4399
4470
4539
4607
4677
4743
4809
4877
4946
5012
5077
5145
5214
5280
5348
5418
5489
5557
5628
5703
5774
5843
5913
5985
6058
6128
6199
6272
6346
6417
6488
6562
6636
6707
6776
6848
6922
6997
7067
7140
7215
7291
7363
7435
7509
7584
7657
7728
7801
7877
7948
8018
8088
8161
8236
8308
8380
8458
8533
8606
8680
8757
8830
8903
8976
9050
9120
9188
9259
9330
9400
9470
9544
9618
9689
9763
9841
9915
9986
10058
10132
10206
10276
10346
10418
10492
10563
10634
10707
10781
10851
10922
10994
11066
11135
11206
11279
11352
11421
11492
11564
11638
11709
11778
11848
11919
11988
12056
12125
12197
12268
12338
12408
12481
12552
12621
12691
12764
12835
12903
12972
13043
13113
13181
13250
13320
13393
13462
13532
13603
13673
13742
13809
13874
13942
14015
14088
14158
14230
14303
14374
14443
14514
14587
14657
14727
14800
14876
14948
15020
15094
15170
15243
15315
15390
15465
15537
15609
15683
15757
15828
15901
15976
16054
16128
16203
16280
16357
16431
16504
16579
16655
16727
16799
16872
16950
17024
17099
17176
17253
17327
17400
17474
17552
17628
17701
17775
17849
17923
17994
18068
18146
18222
18296
18372
18450
18526
18598
18671
18746
18822
18893
18964
19038
19112
19183
19254
19327
19401
19472
19543
19615
19691
19766
19838
19912
19991
20068
20141
20214
20289
20365
20438
20511
20587
20663
20735
20808
20883
20963
21039
21115
21193
21274
21351
21425
21500
21577
21651
21723
21797
21873
21948
22021
22098
22178
22254
22329
22406
22483
22555
22628
22702
22774
22845
22920
22996
23072
23146
23225
23305
23380
23453
23526
23599
23670
23740
23812
23887
23959
24031
24107
24185
24261
24337
24414
24491
24563
24635
24709
24785
24857
24930
25005
25084
25159
25235
25312
25390
25463
25536
25613
25689
25763
25839
25917
25993
26070
26149
26227
26301
26377
26456
26531
26603
26673
26742
26813
26883
26952
27024
27099
27171
27242
27317
27393
27465
27535
27606
27677
27747
27817
27888
27961
28031
28101
28173
28246
28315
28384
28455
28526
28596
28665
28736
28808
28878
28947
29017
29089
29159
29228
29298
29369
29439
29506
29575
29646
29716
29785
29856
29929
30001
30070
30140
30211
30283
30351
30420
30490
30561
30630
30699
30771
30845
30916
30986
31058
31131
31202
31272
31343
31414
31484
31553
31623
31696
31767
31835
31905
31976
32045
32114
32185
32256
32325
32394
32466
32537
32606
32675
32746
32817
32886
32954
33025
33096
33167
33236
33306
33376
33446
33514
33583
33654
33725
33796
33870
33945
34017
34087
34160
34231
34300
34368
34439
34510
34579
34648
34719
34793
34863
34934
35008
35081
35150
35219
35291
35363
35434
35502
35567
35632
35696
35762
35828
35897
35969
36042
36112
36182
36254
36327
36396
36465
36536
36608
36678
36746
36817
36891
36964
37033
37106
37179
37251
37318
37385
37452
37518
37586
37661
37742
37816
37890
37966
38044
38118
38188
38260
38333
38406
38479
38548
38615
38684
38755
38825
38893
38963
39035
39107
39176
39247
39321
39392
39462
39532
39604
39673
39742
39812
39885
39957
40028
40101
40174
40246
40316
40386
40458
40527
40594
40664
40735
40809
40879
40949
41022
41098
41171
41242
41315
41389
41463
41532
41602
41674
41748
41819
41891
41967
42045
42118
42190
42264
42339
42413
42485
42559
42633
42707
42778
42849
42921
42994
43066
43138
43212
43293
43372
43448
43524
43602
43681
43756
43830
43904
43979
44054
44126
44197
44270
44346
44418
44491
44567
44649
44725
44798
44867
44937
45010
45082
45152
45225
45300
45374
45443
45514
45586
45660
45729
45800
45873
45947
46018
46089
46164
46237
46308
46381
46457
46532
46604
46680
46759
46841
46917
46992
47067
47144
47221
47294
47368
47445
47525
47604
47678
47753
47830
47906
47980
48049
48121
48201
48279
48363
48446
48528
48605
48675
48744
48816
48890
48962
49031
49103
49178
49251
49321
49393
49467
49540
49610
49682
49755
49826
49894
49965
50037
50107
50175
50244
50315
50386
50455
50524
50597
50672
50743
50816
50893
50966
51037
51110
51183
51253
51322
51391
51462
51530
51598
51669
51741
51810
51878
51948
52020
52089
52157
52226
52297
52366
52433
52503
52574
52642
52710
52780
52850
52918
52987
53057
53129
53200
53271
53343
53418
53493
53565
53635
53705
53777
53849
53919
53988
54059
54132
54206
54275
54343
54411
54479
54550
54624
54694
54765
54838
54912
54984
55054
55127
55201
55274
55344
55417
55492
55564
55636
55708
55782
55852
55924
55998
56071
56144
56213
56279
56345
56413
56449
56482
56551
56623
56698
56768
56840
56914
56987
57056
57125
57191
57256
57321
57386
57452
57522
57601
57671
57745
57824
57897
57967
58037
58108
58177
58244
58313
58386
58458
58529
58604
58679
58750
58822
58894
58966
59034
59104
59175
59245
59311
59378
59442
59507
59568
59626
59687
59747
59810
59872
59934
59997
60062
60126
60190
60255
60321
60389
60454
60521
60590
60661
60729
60796
60865
60935
61003
61072
61142
61214
61284
61351
61420
61490
61561
61628
61698
61769
61841
61909
61979
62050
62120
62188
62257
62328
62398
62466
62535
62605
62674
62741
62810
62881
62951
63021
63093
63168
63238
63309
63381
63453
63522
63590
63661
63733
63803
63873
63946
64020
64091
64163
64237
64311
64383
64454
64527
64601
64673
64742
64813
64887
64960
65032
65107
65186
